lastAccountName: Max1me
timestamps:
  login: 1555997277944
  logout: 1555997301466
ipAddress: 127.0.0.1
logoutlocation:
  world: world
  x: 180.8743751991429
  y: 40.0
  z: 256.1960853986074
  yaw: 34.34592
  pitch: -22.499977
